1111111111111111111111111111111111111111000000000000000000011111111111111111111111111111111111111111
1111111111111111111111111111111111100000000000000000000000000000111111111111111111111111111111111111
1111111111111111111111111111111110000000000000000000000000000000001111111111111111111111111111111111
1111111111111111111111111111110000000000000000000000000000111010000001111111111111111111111111111111
1111111111111111111111111111000000000000000000000000000011111000000000011111111111111111111111111111
1111111111111111111111111100000000011110000000000000001111111000000000000111111111111111111111111111
1111111111111111111111110000000000011100000000111111111111111110000000000001111111111111111111111111
1111111111111111111111100011000000011000000001111111111111111110000000000000111111111111111111111111
1111111111111111111110000111000001110000000011111111111111111110000000000000001111111111111111111111
1111111111111111111100011111000011100000000111111111111111111110000000000000000111111111111111111111
1111111111111111110000110010001110000000001111111111111111111110000000000000000001111111111111111111
1111111111111111100001100111111100000000011111111111111111111100000000000000000000111111111111111111
1111111111111111000010000011111000000111111111111111100000111100000000000000000000011111111111111111
1111111111111110000000000111110001111111111111111111000000001000000000000000000000001111111111111111
1111111111111100000000001111110011111100011111111111000000000000000000000000000000000111111111111111
1111111111111000000000011111111111111100011111111110000100000000000000000000000000000011111111111111
1111111111110000000000011111111111111111111111111100001000000000000000000000000000000001111111111111
1111111111100000000000011111111111111111111111111000011000000000000000000000000000000000111111111111
1111111111000000001111111111111111111111111111110000011001000000000000000000000000000000011111111111
1111111111000000011111111111111111111111111111110000001110000000000000000000000000000000001111111111
1111111110000000011111111111111111111111111001110110011100000000000000000000000000000000001111111111
1111111100001111111111111111111111111111111011111100011100000000000000000000000000000000000111111111
1111111100011111111111111111111111111111101001111111111100000000000000000000000000000000000111111111
1111111000111111111111111111111111111111001101111100100000000000000000000000000000000000000011111111
1111110001111111111111111111111111111111001000110000000000000000000000000000000000000000000001111111
1111110011111111111111111111111111111111111000100000000000000000000000000000000000000000000001111111
1111100111111111111111111111111111111111111110000000000000000000000000000000000000000000000000111111
1111100111111111111111111111111111111111110100000000000000000000000000000000000000000000000000111111
1111001111111111111111111111111111111111111000000000000000000000000000000000000000000000000000011111
1111001111111111111111111111111111111111111100000000000000000000001100000000000000000000000000011111
1110001111111111111111111111111111111111111100000000100000000001111111000000000000000000000000001111
1110011111111111111111111111111111111110000000000110011000000011100110000000000000000000000000001111
1110011111111111111111111111111111111100000000111110011100000010000000000000000000000000000000001111
1100111111111111111111111111111111111100000011111111100100001000000000000000000000000000000000000111
1100111111111111111111111111111111111100000011111111110110011000000000000000000000000000000000000111
1000111111111111111111111111111111111100000011111111111111101110000000000000000000000000000000000011
1000111111111111111111111111111111111110000111111111100111111110111100000000000000000000000000010011
1000111111111111111111111111111111111111111110000100110111111111111100000000000000000000000000010011
1000111111111111111111111111111111111110010000000001111111111111101100000000000000000000000000010011
1000111111111111111111111111111111111100000000000001111111111111111100000000001000000001000000010011
0001111111111111111111111111111111111000000000000000011111111111111100000000001110100111111000001001
0011111111111111111111111111111111110000000000000000000111000000000000000000000111111111111100011001
0011111111111111111111111111111111110000000000000000000001000000000000000000000011000111111100011001
0011111111111111111111111111111111000000000000000000000000000000000011000000000000000011111110001001
0011111111111111111111111111111110000000000000000000000000000000000001100000000000000011111110001001
0001111111111111111111111111111100000000000000000000000000000000000000100000000000000111111111001001
0001111111111111111111111111111000000000000000000000000000000000000000110000000000000111111111101000
0001111111111111111111111111110000000000000000000000000000000000000000011000000000000111111111101000
0000111111111111111111111111110000000000000000000000000000000000000000001000000000001111111111101000
0000111111111111111111111111110000000000000000000000000000000000000000001110000000011111111111111100
0000111111111111111111111111110000000000000000000000000000000000000000000111000000011111111111111100
0000111111111111111111111111110000000000000000000000000000000000000000000011000000111111111111111000
0000011111111111111111111111110000000000000000000000000000000000000000000001100001111111111111111000
0000011111111111111111111111110000000000000000000000000000000000000000000001100011111111111111111001
0000001111111111111111111111100000000000000000000000000000000000000000000000111111011111111111111001
0000001111111111111111111111100000000000000000000000000000000000000000000000001110011111111111111001
0000000111111111111111111111000000000000000000000000000000000000000000000000000000011111111111111001
0000000111111111111111111111000000000000000000000000000000000000000000000000000000011111111111111001
0000000111111111111111111111000000000000000000000000000000000000000000000000000000111111111111110001
1000000111111111111111111111000000000000000000000000000000000000000000000000000000111111111111110011
1000000011111111111111111111111000000000000000000000000000000000000000000000000001111111111111110011
1000000001111111111111111111111100000000000000000000000000000000000000000000000001111111111111110011
1000000001111111111111111111111110000000000000000000000000000000000000000000000011111111111111110011
1000000000111111111111111111111111000000000001000000000000000000000000000000000011111111111111100011
1100000000001111111111111111111111100111011111000000000000000000000000000000000111111111111111100111
1100000000000111111111111111111111111111111111111100000000000000000000000000001111111111111111100111
1110000000000011111111111111111111111111111111111110000000000000000000000000011111111111111111001111
1110000000000001111111111111111111111111111111111110000000000000000000000000111111111111111111001111
1110000000000000111111111111111111111111111111111110000000000000000000000000111111111111111110001111
1111000000000000111111111111111111111111111111111100000000000000000000000001111111111111111110011111
1111000000000000111111111111111111111111111111111110000000000000000000000001111111111111111110011111
1111100000000001111111111111111111111111111111111110000000000000000000000001111111111111111100111111
1111100000000001111111111111111111111111111111111111000000000000000000000001111111111111111100111111
1111110000000011111111111111111111111111111111111111100000000000000000000001111110111111111001111111
1111110000000011111111111111111111111111111111111111100000000000000000000001111110111111111001111111
1111111000000001111111111111111111111111111111111111110000000000000000000001111100111111110011111111
1111111100000001111111111111111111111111111111111111110000000000000000000000111001111111100111111111
1111111100000011111111111111111111111111111111111111110000000000000000000001110001111111000111111111
1111111110001011111111111111111111111111111111111111110000000000000000000011100011111111001111111111
1111111111001111111111111111111111111111111111111111100000000000000000000111100011111110001111111111
1111111111000111111111111111111111111111111111111111100000000000000000011111100111111100011111111111
1111111111100011111111111111111111111111111111111111000000000000000000011111000111111000111111111111
1111111111110001111111111111111111111111111111111111100000000000000000011111001111111001111111111111
1111111111111000111111111111111111111111111111111111100000000000000000011111111111100011111111111111
1111111111111100011111111111111111111111111111111111110000000000000000111111111111100111111111111111
1111111111111110001111111111111111111111111111111111111000000000000011111111111110001111111111111111
1111111111111111000111111111111111111111111111111111111000000000000011111111111100011111111111111111
1111111111111111100011111111111111111111111111111111111000000000000111111111111000111111111111111111
1111111111111111110000111111111111111111111111111111111100000000011111111111100001111111111111111111
1111111111111111111000011111111111111111111111111111111100000000011111111111000011111111111111111111
1111111111111111111110000111111111111111111111111111111100000001111111111110001111111111111111111111
1111111111111111111111100011111111111111111111111111111111001111111111111000111111111111111111111111
1111111111111111111111110000111111111111111111111111111111111111111111100001111111111111111111111111
1111111111111111111111111100000111111111111111111111111111111111111100000111111111111111111111111111
1111111111111111111111111111000001111111111111111111111111111111110000011111111111111111111111111111
1111111111111111111111111111110000001111111111111111111111111110000001111111111111111111111111111111
1111111111111111111111111111111110000000111111111111111111100000001111111111111111111111111111111111
1111111111111111111111111111111111100000000000001111000000000000111111111111111111111111111111111111
1111111111111111111111111111111111111111000000000000000000011111111111111111111111111111111111111111
1111111111111111111111111111111111111111111111000000001111111111111111111111111111111111111111111111